00000000000000000000000000000001000000000000000000000000000000000000000000000000
00000000000000000000000000000000000000000000000000000000001010000000000000000000
00000000000000000001000000000000000000000000000000000000001000001000000000000000
00000000000000000000101000000000000000000000000000000000001000001000000000000000
00000000000000000001000001000000000000000000000000110000001000001000000000000000
00000000000000000000100001000000000000000000000000001100000010000010000000000000
00000000000000000000001000001000000000000000000000000000001001000000000000000000
00000000000000000000000010000000000000000000000000000000001000000000000000000000
00000000010000000000000000000000000000000000001110000000000000000000000000000000
00000000100000000000000000000000000000000000010000010000000000001110000000000000
00000000100010000000000000000000000000000000010000000000000000010000000000000000
00000000100001010000000000000000000000000000100101000000000000010000000000000000
00000000010010101000000000000000000000000000000000000000000000010000010000000000
00000000001010100000000000000000000000000000000000000000000000000000010000000000
00000000001000010000000000000000000000000000000000000000000000000000010010000000
00000000001110000000000000000000000000000000000000000000000000000000000000000000
00000000000000000000000000000000000000000000000000000000000001010000000000000000
00000000000000010000000000000000000000000000000000000000000001000001000000000000
00000000000000001010000000000000000000000000000000000000000001000001000000000000
00000000000000001000001000000000000000000000000000110000000001000001000000000000
00000000000000000100001000000000000000000000000000001100000010000010000000000000
00000000000000000001000001000000000000000000000000000000001001000000000000000000
00000000000000000000001000001000000000000000000000000000000010000000000000000000
00000000000000000000000010100000000000000000000000000000000000000000000000000000
00000000000000000000000000010000000000000000000000000000000000000000000000000000
