00000000000000000000000000000000000000000000000000000000000000000000000000000000
00000000000000000000000000000000000000000000000000000000000000000000000000000000
00000000000000000000000000000000000000000000000000000000000000000000000000000000
00000000000000000000000000000000000000000000000000000000000000000000000000000000
00000000000000000000000000000000000000000000000000000000000000000000000000000000
00000000000000000000000000000000000000000000000000000000000000000000000000000000
00000000000000000000000000000000000000000000000000000000000000000000000000000000
00000000000000000000000000000000000000000000000000000000000000000000000000000000
00000000000000000000000000000111000011100000000000000000000000000000000000000000
00000000000000000000000000001000100010001000000000000000000000000000000000000000
00000000000000000000000000001000100010001000000000000000000000000000000000000000
00000000000000000000000000001000100010001000000000000000000000000000000000000000
00000000000000000000000000000111000011100000000000000000000000000000000000000000
00000000000000000000000000000000000000000000000000000000000000000000000000000000
00000000000000000000000000000111000011100000000000000000000000000000000000000000
00000000000000000000000000001000100010001000000000000000000000000000000000000000
00000000000000000000000000001000100010001000000000000000000000000000000000000000
00000000000000000000000000001000100010001000000000000000000000000000000000000000
00000000000000000000000000000111000011100000000000000000000000000000000000000000
00000000000000000000000000000000000000000000000000000000000000000000000000000000
00000000000000000000000000000000000000000000000000000000000000000000000000000000
00000000000000000000000000000000000000000000000000000000000000000000000000000000
00000000000000000000000000000000000000000000000000000000000000000000000000000000
00000000000000000000000000000000000000000000000000000000000000000000000000000000
00000000000000000000000000000000000000000000000000000000000000000000000000000000
